data=[     7.9349185e-02
   1.4084700e-01
   1.8875793e-01
   2.1680839e-01
   2.2871108e-01
   2.2786310e-01
   2.1630937e-01
   1.9508504e-01
   1.6586242e-01
   1.3040833e-01
   8.9895655e-02
   4.5706173e-02
  -4.9831114e-04
  -4.6917648e-02
  -9.1835002e-02
  -1.3382411e-01
  -1.7186533e-01
  -2.0534062e-01
  -2.3392337e-01
  -2.5739231e-01
  -2.7573786e-01
  -2.8719545e-01
  -2.8656289e-01
  -2.7351393e-01
  -2.5210768e-01
  -2.2019372e-01
  -1.8112535e-01
  -1.3590714e-01
  -8.5753190e-02
  -3.2498766e-02
   2.1604438e-02
   7.4262749e-02
   1.2352719e-01
   1.6804307e-01
   2.0709145e-01
   2.4045334e-01
   2.6836520e-01
   2.9129096e-01
   3.0794557e-01
   3.1553006e-01
   3.0985787e-01
   2.9330850e-01
   2.6943406e-01
   2.3520102e-01
   1.9325944e-01
   1.4438860e-01
   8.9936717e-02
   3.2048009e-02
  -2.6609072e-02
  -8.3342980e-02
  -1.3595109e-01
  -1.8302479e-01
  -2.2396429e-01
  -2.5877362e-01
  -2.8893219e-01
  -3.1382680e-01
  -3.3262354e-01
  -3.4324150e-01
  -3.4097073e-01
  -3.2687132e-01
  -3.0407698e-01
  -2.7443964e-01
  -2.3439513e-01
  -1.8592034e-01
  -1.3005439e-01
  -6.8756562e-02
  -4.9279823e-03
   5.8119184e-02
   1.1740088e-01
   1.7084384e-01
   2.1747205e-01
   2.5722058e-01
   2.9223015e-01
   3.2193115e-01
   3.4601095e-01
   3.6371183e-01
   3.7237286e-01
   3.6740795e-01
   3.5097392e-01
   3.2603942e-01
   2.9385865e-01
   2.5028547e-01
   1.9795608e-01
   1.3718802e-01
   7.0247942e-02
   6.8102460e-04
  -6.7477517e-02
  -1.3073292e-01
  -1.8687479e-01
  -2.3507628e-01
  -2.7212055e-01
  -3.0605641e-01
  -3.3265946e-01
  -3.5042831e-01
  -3.5992838e-01
  -3.6325099e-01
  -3.6287581e-01
  -3.6143010e-01
  -3.6058761e-01
  -3.5713820e-01
  -3.3899635e-01
  -3.1202801e-01
  -2.7768203e-01
  -2.3102453e-01
  -1.7627488e-01
  -1.1389474e-01
  -4.6598500e-02
   2.1843854e-02
   8.7559655e-02
   1.4751884e-01
   2.0003954e-01
   2.4472128e-01
   2.8304383e-01
   3.1584858e-01
   3.4278438e-01
   3.6343626e-01
   3.7616415e-01
   3.7621540e-01
   3.6416238e-01
   3.4255695e-01
   3.1311357e-01
   2.7158589e-01
   2.2222190e-01
   1.6376599e-01
   9.7884557e-02
   2.7794441e-02
  -4.2396504e-02
  -1.0874193e-01
  -1.6842206e-01
  -2.1492525e-01
  -2.5922905e-01
  -2.9167992e-01
  -3.2122478e-01
  -3.4174349e-01
  -3.5094789e-01
  -3.4871434e-01
  -3.3977788e-01
  -3.2604946e-01
  -3.0996778e-01
  -2.9239694e-01
  -2.7388702e-01
  -2.5494900e-01
  -2.3617377e-01
  -2.1837751e-01
  -2.0648713e-01
  -2.0206902e-01
  -1.9476700e-01
  -1.8497642e-01
  -1.6935340e-01
  -1.4853758e-01
  -1.1964649e-01
  -7.7523434e-02
  -4.1978439e-02
  -6.1492914e-03
   2.5790755e-02
   5.3784408e-02
   7.7337197e-02
   9.5542614e-02
   1.0675064e-01
   1.0738334e-01
   9.7907736e-02
   8.1925369e-02
   5.9639647e-02
   3.4785862e-02
   8.6224702e-03
  -1.7886595e-02
  -4.3776031e-02
  -6.8103746e-02
  -8.9950477e-02
  -1.0836279e-01
  -1.2218369e-01
  -1.2955114e-01
  -1.2547744e-01
  -1.1131860e-01
  -9.1671661e-02
  -6.5904549e-02
  -3.7809440e-02
  -8.5808518e-03
   2.0798036e-02
   4.9326588e-02
   7.6038212e-02
   1.0001364e-01
   1.2033088e-01
   1.3590407e-01
   1.4502450e-01
   1.4336977e-01
   1.3061623e-01
   1.1118114e-01
   8.4565040e-02
   5.4963534e-02
   2.3658148e-02
  -8.3194679e-03
  -3.9889075e-02
  -7.0001509e-02
  -9.7687457e-02
  -1.2205149e-01
  -1.4218837e-01
  -1.5695369e-01
  -1.6428794e-01
  -1.6000239e-01
  -1.4523320e-01
  -1.2398091e-01
  -9.5407080e-02
  -6.3514870e-02
  -2.9621700e-02
   5.1448060e-03
   3.9604530e-02
   7.2620240e-02
   1.0316784e-01
   1.3035105e-01
   1.5334125e-01
   1.7120272e-01
   1.8244426e-01
   1.8329625e-01
   1.7204384e-01
   1.5248835e-01
   1.2402270e-01
   9.1288387e-02
   5.5670085e-02
   1.8295046e-02
  -1.9559461e-02
  -5.6598677e-02
  -9.1633077e-02
  -1.2365031e-01
  -1.5181692e-01
  -1.7539345e-01
  -1.9352616e-01
  -2.0473879e-01
  -2.0491550e-01
  -1.9291045e-01
  -1.7249315e-01
  -1.4277791e-01
  -1.0820417e-01
  -7.0151861e-02
  -2.9821538e-02
   1.1380318e-02
   5.1994719e-02
   9.0673569e-02
   1.2629381e-01
   1.5799191e-01
   1.8510566e-01
   2.0701491e-01
   2.2281755e-01
   2.3045208e-01
   2.2598042e-01
   2.1073409e-01
   1.8778318e-01
   1.5570243e-01
   1.1834291e-01
   7.7056779e-02
   3.3192906e-02
  -1.1652700e-02
  -5.5822502e-02
  -9.7807083e-02
  -1.3639720e-01
  -1.7073407e-01
  -2.0024948e-01
  -2.2450690e-01
  -2.4292448e-01
  -2.5417745e-01
  -2.5366203e-01
  -2.4107917e-01
  -2.1985097e-01
  -1.8851259e-01
  -1.5091040e-01
  -1.0827587e-01
  -6.1876266e-02
  -1.3394569e-02
   3.5264109e-02
   8.2251775e-02
   1.2602912e-01
   1.6550544e-01
   2.0003476e-01
   2.2928940e-01
   2.5304644e-01
   2.7105282e-01
   2.8168233e-01
   2.8042004e-01
   2.6776034e-01
   2.4658253e-01
   2.1498587e-01
   1.7635956e-01
   1.3175007e-01
   8.2378471e-02
   3.0044045e-02
  -2.3072129e-02
  -7.4759846e-02
  -1.2314024e-01
  -1.6689724e-01
  -2.0531521e-01
  -2.3815002e-01
  -2.6547562e-01
  -2.8784509e-01
  -3.0388601e-01
  -3.1057901e-01
  -3.0399063e-01
  -2.8677026e-01
  -2.6232327e-01
  -2.2767187e-01
  -1.8541618e-01
  -1.3649153e-01
  -8.2325183e-02
  -2.5080621e-02
   3.2626990e-02
   8.8217721e-02
   1.3961901e-01
   1.8552833e-01
   2.2540386e-01
   2.5925718e-01
   2.8845778e-01
   3.1234748e-01
   3.2995483e-01
   3.3875082e-01
   3.3422833e-01
   3.1833358e-01
   2.9436804e-01
   2.6329180e-01
   2.2194196e-01
   1.7245873e-01
   1.1608042e-01
   5.4932848e-02
  -8.0408558e-03
  -6.9645731e-02
  -1.2713012e-01
  -1.7867429e-01
  -2.2349362e-01
  -2.6175627e-01
  -2.9534197e-01
  -3.2360548e-01
  -3.4614450e-01
  -3.6190997e-01
  -3.6706130e-01
  -3.5820584e-01
  -3.3896674e-01
  -3.1176135e-01
  -2.7744396e-01
  -2.3222213e-01
  -1.7789174e-01
  -1.1584482e-01
  -4.8729099e-02
   1.9791127e-02
   8.5875544e-02
   1.4645052e-01
   1.9976158e-01
   2.4532908e-01
   2.8399847e-01
   3.1341508e-01
   3.3844288e-01
   3.5523192e-01
   3.6580302e-01
   3.7228301e-01
   3.7673247e-01
   3.7789447e-01
   3.6861524e-01
   3.4833678e-01
   3.1959999e-01
   2.8363584e-01
   2.3584652e-01
   1.7869270e-01
   1.1337489e-01
   4.2936124e-02
  -2.8453403e-02
  -9.6569748e-02
  -1.5822524e-01
  -2.1180445e-01
  -2.4707609e-01
  -2.8797729e-01
  -3.1770407e-01
  -3.4287574e-01
  -3.5906830e-01
  -3.6837080e-01
  -3.7301432e-01
  -3.7529127e-01
  -3.7632889e-01
  -3.7574787e-01
  -3.6189883e-01
  -3.3864387e-01
  -3.0721020e-01
  -2.6832119e-01
  -2.1771660e-01
  -1.5765984e-01
  -9.0263788e-02
  -1.9058893e-02
   5.1624379e-02
   1.1780270e-01
   1.7679047e-01
   2.2749133e-01
   2.6142835e-01
   3.0013801e-01
   3.2792754e-01
   3.5045537e-01
   3.6566985e-01
   3.7567507e-01
   3.8256952e-01
   3.8641066e-01
   3.8475624e-01
   3.7154079e-01
   3.4863888e-01
   3.1753058e-01
   2.7895962e-01
   2.2860550e-01
   1.6835170e-01
   1.0013553e-01
   2.7476346e-02
  -4.5113316e-02
  -1.1335103e-01
  -1.7427761e-01
  -2.1395922e-01
  -2.6021778e-01
  -2.9198832e-01
  -3.2244593e-01
  -3.4301052e-01
  -3.5129333e-01
  -3.4685374e-01
  -3.3549859e-01
  -3.1836818e-01
  -2.9785384e-01
  -2.7461381e-01
  -2.4892098e-01
  -2.2199275e-01
  -1.9481568e-01
  -1.7468299e-01
  -1.5948417e-01
  -1.4224036e-01
  -1.3258121e-01
  -1.3423430e-01
  -1.5300357e-01
  -1.7794557e-01
  -2.0820384e-01
  -2.3879503e-01
  -2.6908001e-01
  -2.9866311e-01
  -3.2700355e-01
  -3.5379093e-01
  -3.7790791e-01
  -3.9749708e-01
  -4.0937180e-01
  -4.0665118e-01
  -3.9234653e-01
  -3.7171960e-01
  -3.4412514e-01
  -3.1343261e-01
  -2.8071588e-01
  -2.4657587e-01
